{
    "commutingTime": [
        [
            0.0,
            14.560219778561036,
            18.027756377319946,
            12.165525060596439,
            5.0,
            23.194827009486403,
            22.847319317591726,
            33.015148038438355,
            29.154759474226502,
            8.48528137423857,
            31.064449134018133,
            5.830951894845301,
            10.295630140987,
            29.068883707497267,
            22.561028345356956,
            20.0,
            17.26267650163207,
            23.40939982143925,
            31.016124838541646,
            6.082762530298219,
            6.4031242374328485,
            7.0710678118654755,
            6.4031242374328485,
            4.123105625617661,
            6.708203932499369,
            6.082762530298219,
            8.06225774829855,
            3.0,
            12.165525060596439
        ],
        [
            14.560219778561036,
            0.0,
            25.553864678361276,
            20.0,
            12.206555615733702,
            31.906112267087632,
            25.495097567963924,
            39.21734310225516,
            31.144823004794873,
            8.246211251235321,
            37.0,
            14.212670403551895,
            10.295630140987,
            35.11409973215888,
            32.202484376209235,
            20.09975124224178,
            23.706539182259394,
            26.68332812825267,
            38.07886552931954,
            9.433981132056603,
            9.0,
            9.055385138137417,
            19.0,
            15.264337522473747,
            8.06225774829855,
            16.401219466856727,
            17.69180601295413,
            17.46424919657298,
            20.0
        ],
        [
            18.027756377319946,
            25.553864678361276,
            0.0,
            6.082762530298219,
            15.297058540778355,
            6.4031242374328485,
            8.54400374531753,
            15.0,
            13.45362404707371,
            24.515301344262525,
            13.038404810405298,
            13.152946437965905,
            15.264337522473747,
            11.045361017187261,
            7.211102550927978,
            11.180339887498949,
            2.23606797749979,
            8.06225774829855,
            13.152946437965905,
            17.72004514666935,
            22.360679774997898,
            23.345235059857504,
            22.80350850198276,
            14.0,
            21.587033144922902,
            12.0,
            10.0,
            18.439088914585774,
            6.082762530298219
        ],
        [
            12.165525060596439,
            20.0,
            6.082762530298219,
            0.0,
            9.219544457292887,
            12.083045973594572,
            11.40175425099138,
            21.02379604162864,
            17.4928556845359,
            18.439088914585774,
            19.0,
            7.0710678118654755,
            9.899494936611665,
            17.0,
            12.206555615733702,
            10.770329614269007,
            5.0990195135927845,
            11.661903789690601,
            19.235384061671343,
            11.704699910719626,
            16.278820596099706,
            17.26267650163207,
            17.46424919657298,
            8.06225774829855,
            15.524174696260024,
            6.082762530298219,
            4.123105625617661,
            13.0,
            0.0
        ],
        [
            5.0,
            12.206555615733702,
            15.297058540778355,
            9.219544457292887,
            0.0,
            21.18962010041709,
            18.681541692269406,
            30.14962686336267,
            25.0,
            9.219544457292887,
            28.071337695236398,
            2.23606797749979,
            5.385164807134504,
            26.076809620810597,
            21.02379604162864,
            15.264337522473747,
            14.035668847618199,
            19.4164878389476,
            28.442925306655784,
            2.8284271247461903,
            7.0710678118654755,
            8.06225774829855,
            11.40175425099138,
            3.1622776601683795,
            6.324555320336759,
            4.242640687119285,
            5.830951894845301,
            7.615773105863909,
            9.219544457292887
        ],
        [
            23.194827009486403,
            31.906112267087632,
            6.4031242374328485,
            12.083045973594572,
            21.18962010041709,
            0.0,
            12.165525060596439,
            10.770329614269007,
            14.560219778561036,
            30.364452901377952,
            9.433981132056603,
            18.973665961010276,
            21.633307652783937,
            7.810249675906654,
            2.23606797749979,
            16.55294535724685,
            8.48528137423857,
            11.045361017187261,
            8.246211251235321,
            23.769728648009426,
            28.160255680657446,
            29.120439557122072,
            27.073972741361768,
            19.4164878389476,
            27.51363298439521,
            17.46424919657298,
            15.524174696260024,
            23.0,
            12.083045973594572
        ],
        [
            22.847319317591726,
            25.495097567963924,
            8.54400374531753,
            11.40175425099138,
            18.681541692269406,
            12.165525060596439,
            0.0,
            14.422205101855956,
            6.324555320336759,
            27.16615541441225,
            12.206555615733702,
            17.08800749063506,
            16.0,
            10.63014581273465,
            14.035668847618199,
            5.830951894845301,
            7.211102550927978,
            1.4142135623730951,
            14.142135623730951,
            20.223748416156685,
            25.317977802344327,
            26.30589287593181,
            28.653097563788805,
            18.788294228055936,
            24.186773244895647,
            17.0,
            15.264337522473747,
            24.186773244895647,
            11.40175425099138
        ],
        [
            33.015148038438355,
            39.21734310225516,
            15.0,
            21.02379604162864,
            30.14962686336267,
            10.770329614269007,
            14.422205101855956,
            0.0,
            11.661903789690601,
            39.319206502675,
            2.23606797749979,
            28.071337695236398,
            29.120439557122072,
            4.123105625617661,
            12.529964086141668,
            20.248456731316587,
            16.1245154965971,
            13.038404810405298,
            2.8284271247461903,
            32.38826948140329,
            37.21558813185679,
            38.2099463490856,
            37.48332962798263,
            29.0,
            36.345563690772494,
            27.0,
            25.0,
            33.24154027718932,
            21.02379604162864
        ],
        [
            29.154759474226502,
            31.144823004794873,
            13.45362404707371,
            17.4928556845359,
            25.0,
            14.560219778561036,
            6.324555320336759,
            11.661903789690601,
            0.0,
            33.37663853655727,
            9.848857801796104,
            23.40939982143925,
            22.090722034374522,
            9.219544457292887,
            16.76305461424021,
            11.045361017187261,
            12.806248474865697,
            5.830951894845301,
            12.649110640673518,
            26.476404589747453,
            31.575306807693888,
            32.55764119219941,
            34.88552708502482,
            25.079872407968907,
            30.4138126514911,
            23.259406699226016,
            21.470910553583888,
            30.4138126514911,
            17.4928556845359
        ],
        [
            8.48528137423857,
            8.246211251235321,
            24.515301344262525,
            18.439088914585774,
            9.219544457292887,
            30.364452901377952,
            27.16615541441225,
            39.319206502675,
            33.37663853655727,
            0.0,
            37.21558813185679,
            11.40175425099138,
            11.40175425099138,
            35.22782990761707,
            30.083217912982647,
            22.80350850198276,
            23.194827009486403,
            28.071337695236398,
            37.656340767525464,
            7.0,
            2.23606797749979,
            1.4142135623730951,
            11.180339887498949,
            11.180339887498949,
            3.0,
            13.0,
            14.866068747318506,
            10.816653826391969,
            18.439088914585774
        ],
        [
            31.064449134018133,
            37.0,
            13.038404810405298,
            19.0,
            28.071337695236398,
            9.433981132056603,
            12.206555615733702,
            2.23606797749979,
            9.848857801796104,
            37.21558813185679,
            0.0,
            26.019223662515376,
            26.92582403567252,
            2.0,
            11.40175425099138,
            18.027756377319946,
            14.035668847618199,
            10.816653826391969,
            3.0,
            30.265491900843113,
            35.12833614050059,
            36.124783736376884,
            35.6931365951495,
            27.018512172212592,
            34.23448553724738,
            25.019992006393608,
            23.021728866442675,
            31.400636936215164,
            19.0
        ],
        [
            5.830951894845301,
            14.212670403551895,
            13.152946437965905,
            7.0710678118654755,
            2.23606797749979,
            18.973665961010276,
            17.08800749063506,
            28.071337695236398,
            23.40939982143925,
            11.40175425099138,
            26.019223662515376,
            0.0,
            6.0,
            24.020824298928627,
            18.788294228055936,
            14.212670403551895,
            12.0,
            17.72004514666935,
            26.30589287593181,
            5.0,
            9.219544457292887,
            10.198039027185569,
            12.041594578792296,
            2.23606797749979,
            8.54400374531753,
            2.23606797749979,
            3.605551275463989,
            7.810249675906654,
            7.0710678118654755
        ],
        [
            10.295630140987,
            10.295630140987,
            15.264337522473747,
            9.899494936611665,
            5.385164807134504,
            21.633307652783937,
            16.0,
            29.120439557122072,
            22.090722034374522,
            11.40175425099138,
            26.92582403567252,
            6.0,
            0.0,
            25.0,
            22.02271554554524,
            11.40175425099138,
            13.416407864998739,
            17.029386365926403,
            27.85677655436824,
            5.0,
            9.848857801796104,
            10.770329614269007,
            16.64331697709324,
            8.06225774829855,
            8.54400374531753,
            8.06225774829855,
            8.54400374531753,
            13.0,
            9.899494936611665
        ],
        [
            29.068883707497267,
            35.11409973215888,
            11.045361017187261,
            17.0,
            26.076809620810597,
            7.810249675906654,
            10.63014581273465,
            4.123105625617661,
            9.219544457292887,
            35.22782990761707,
            2.0,
            24.020824298928627,
            25.0,
            0.0,
            9.899494936611665,
            16.401219466856727,
            12.041594578792296,
            9.219544457292887,
            3.605551275463989,
            28.284271247461902,
            33.13608305156178,
            34.132096331752024,
            33.734255586866,
            25.019992006393608,
            32.2490309931942,
            23.021728866442675,
            21.02379604162864,
            29.427877939124322,
            17.0
        ],
        [
            22.561028345356956,
            32.202484376209235,
            7.211102550927978,
            12.206555615733702,
            21.02379604162864,
            2.23606797749979,
            14.035668847618199,
            12.529964086141668,
            16.76305461424021,
            30.083217912982647,
            11.40175425099138,
            18.788294228055936,
            22.02271554554524,
            9.899494936611665,
            0.0,
            18.027756377319946,
            9.433981132056603,
            13.0,
            9.848857801796104,
            23.706539182259394,
            27.85677655436824,
            28.792360097775937,
            26.0,
            18.973665961010276,
            27.313000567495326,
            17.08800749063506,
            15.231546211727817,
            22.090722034374522,
            12.206555615733702
        ],
        [
            20.0,
            20.09975124224178,
            11.180339887498949,
            10.770329614269007,
            15.264337522473747,
            16.55294535724685,
            5.830951894845301,
            20.248456731316587,
            11.045361017187261,
            22.80350850198276,
            18.027756377319946,
            14.212670403551895,
            11.40175425099138,
            16.401219466856727,
            18.027756377319946,
            0.0,
            9.055385138137417,
            7.211102550927978,
            19.849433241279208,
            16.15549442140351,
            21.18962010041709,
            22.135943621178654,
            26.248809496813376,
            16.278820596099706,
            19.924858845171276,
            14.866068747318506,
            13.601470508735444,
            21.93171219946131,
            10.770329614269007
        ],
        [
            17.26267650163207,
            23.706539182259394,
            2.23606797749979,
            5.0990195135927845,
            14.035668847618199,
            8.48528137423857,
            7.211102550927978,
            16.1245154965971,
            12.806248474865697,
            23.194827009486403,
            14.035668847618199,
            12.0,
            13.416407864998739,
            12.041594578792296,
            9.433981132056603,
            9.055385138137417,
            0.0,
            7.0710678118654755,
            14.560219778561036,
            16.278820596099706,
            21.095023109728988,
            22.090722034374522,
            22.47220505424423,
            13.152946437965905,
            20.223748416156685,
            11.180339887498949,
            9.219544457292887,
            18.027756377319946,
            5.0990195135927845
        ],
        [
            23.40939982143925,
            26.68332812825267,
            8.06225774829855,
            11.661903789690601,
            19.4164878389476,
            11.045361017187261,
            1.4142135623730951,
            13.038404810405298,
            5.830951894845301,
            28.071337695236398,
            10.816653826391969,
            17.72004514666935,
            17.029386365926403,
            9.219544457292887,
            13.0,
            7.211102550927978,
            7.0710678118654755,
            0.0,
            12.727922061357855,
            21.095023109728988,
            26.1725046566048,
            27.16615541441225,
            29.068883707497267,
            19.313207915827967,
            25.079872407968907,
            17.46424919657298,
            15.652475842498529,
            24.596747752497688,
            11.661903789690601
        ],
        [
            31.016124838541646,
            38.07886552931954,
            13.152946437965905,
            19.235384061671343,
            28.442925306655784,
            8.246211251235321,
            14.142135623730951,
            2.8284271247461903,
            12.649110640673518,
            37.656340767525464,
            3.0,
            26.30589287593181,
            27.85677655436824,
            3.605551275463989,
            9.848857801796104,
            19.849433241279208,
            14.560219778561036,
            12.727922061357855,
            0.0,
            30.805843601498726,
            35.510561809129406,
            36.49657518178932,
            35.22782990761707,
            27.073972741361768,
            34.713109915419565,
            25.079872407968907,
            23.08679276123039,
            31.064449134018133,
            19.235384061671343
        ],
        [
            6.082762530298219,
            9.433981132056603,
            17.72004514666935,
            11.704699910719626,
            2.8284271247461903,
            23.769728648009426,
            20.223748416156685,
            32.38826948140329,
            26.476404589747453,
            7.0,
            30.265491900843113,
            5.0,
            5.0,
            28.284271247461902,
            23.706539182259394,
            16.15549442140351,
            16.278820596099706,
            21.095023109728988,
            30.805843601498726,
            0.0,
            5.0990195135927845,
            6.082762530298219,
            12.083045973594572,
            5.830951894845301,
            4.0,
            7.0710678118654755,
            8.602325267042627,
            9.055385138137417,
            11.704699910719626
        ],
        [
            6.4031242374328485,
            9.0,
            22.360679774997898,
            16.278820596099706,
            7.0710678118654755,
            28.160255680657446,
            25.317977802344327,
            37.21558813185679,
            31.575306807693888,
            2.23606797749979,
            35.12833614050059,
            9.219544457292887,
            9.848857801796104,
            33.13608305156178,
            27.85677655436824,
            21.18962010041709,
            21.095023109728988,
            26.1725046566048,
            35.510561809129406,
            5.0990195135927845,
            0.0,
            1.0,
            10.0,
            8.94427190999916,
            1.4142135623730951,
            10.770329614269007,
            12.649110640673518,
            8.94427190999916,
            16.278820596099706
        ],
        [
            7.0710678118654755,
            9.055385138137417,
            23.345235059857504,
            17.26267650163207,
            8.06225774829855,
            29.120439557122072,
            26.30589287593181,
            38.2099463490856,
            32.55764119219941,
            1.4142135623730951,
            36.124783736376884,
            10.198039027185569,
            10.770329614269007,
            34.132096331752024,
            28.792360097775937,
            22.135943621178654,
            22.090722034374522,
            27.16615541441225,
            36.49657518178932,
            6.082762530298219,
            1.0,
            0.0,
            10.04987562112089,
            9.848857801796104,
            2.23606797749979,
            11.704699910719626,
            13.601470508735444,
            9.433981132056603,
            17.26267650163207
        ],
        [
            6.4031242374328485,
            19.0,
            22.80350850198276,
            17.46424919657298,
            11.40175425099138,
            27.073972741361768,
            28.653097563788805,
            37.48332962798263,
            34.88552708502482,
            11.180339887498949,
            35.6931365951495,
            12.041594578792296,
            16.64331697709324,
            33.734255586866,
            26.0,
            26.248809496813376,
            22.47220505424423,
            29.068883707497267,
            35.22782990761707,
            12.083045973594572,
            10.0,
            10.04987562112089,
            0.0,
            10.0,
            11.045361017187261,
            11.661903789690601,
            13.416407864998739,
            4.47213595499958,
            17.46424919657298
        ],
        [
            4.123105625617661,
            15.264337522473747,
            14.0,
            8.06225774829855,
            3.1622776601683795,
            19.4164878389476,
            18.788294228055936,
            29.0,
            25.079872407968907,
            11.180339887498949,
            27.018512172212592,
            2.23606797749979,
            8.06225774829855,
            25.019992006393608,
            18.973665961010276,
            16.278820596099706,
            13.152946437965905,
            19.313207915827967,
            27.073972741361768,
            5.830951894845301,
            8.94427190999916,
            9.848857801796104,
            10.0,
            0.0,
            8.602325267042627,
            2.0,
            4.0,
            5.656854249492381,
            8.06225774829855
        ],
        [
            6.708203932499369,
            8.06225774829855,
            21.587033144922902,
            15.524174696260024,
            6.324555320336759,
            27.51363298439521,
            24.186773244895647,
            36.345563690772494,
            30.4138126514911,
            3.0,
            34.23448553724738,
            8.54400374531753,
            8.54400374531753,
            32.2490309931942,
            27.313000567495326,
            19.924858845171276,
            20.223748416156685,
            25.079872407968907,
            34.713109915419565,
            4.0,
            1.4142135623730951,
            2.23606797749979,
            11.045361017187261,
            8.602325267042627,
            0.0,
            10.295630140987,
            12.083045973594572,
            9.486832980505138,
            15.524174696260024
        ],
        [
            6.082762530298219,
            16.401219466856727,
            12.0,
            6.082762530298219,
            4.242640687119285,
            17.46424919657298,
            17.0,
            27.0,
            23.259406699226016,
            13.0,
            25.019992006393608,
            2.23606797749979,
            8.06225774829855,
            23.021728866442675,
            17.08800749063506,
            14.866068747318506,
            11.180339887498949,
            17.46424919657298,
            25.079872407968907,
            7.0710678118654755,
            10.770329614269007,
            11.704699910719626,
            11.661903789690601,
            2.0,
            10.295630140987,
            0.0,
            2.0,
            7.211102550927978,
            6.082762530298219
        ],
        [
            8.06225774829855,
            17.69180601295413,
            10.0,
            4.123105625617661,
            5.830951894845301,
            15.524174696260024,
            15.264337522473747,
            25.0,
            21.470910553583888,
            14.866068747318506,
            23.021728866442675,
            3.605551275463989,
            8.54400374531753,
            21.02379604162864,
            15.231546211727817,
            13.601470508735444,
            9.219544457292887,
            15.652475842498529,
            23.08679276123039,
            8.602325267042627,
            12.649110640673518,
            13.601470508735444,
            13.416407864998739,
            4.0,
            12.083045973594572,
            2.0,
            0.0,
            8.94427190999916,
            4.123105625617661
        ],
        [
            3.0,
            17.46424919657298,
            18.439088914585774,
            13.0,
            7.615773105863909,
            23.0,
            24.186773244895647,
            33.24154027718932,
            30.4138126514911,
            10.816653826391969,
            31.400636936215164,
            7.810249675906654,
            13.0,
            29.427877939124322,
            22.090722034374522,
            21.93171219946131,
            18.027756377319946,
            24.596747752497688,
            31.064449134018133,
            9.055385138137417,
            8.94427190999916,
            9.433981132056603,
            4.47213595499958,
            5.656854249492381,
            9.486832980505138,
            7.211102550927978,
            8.94427190999916,
            0.0,
            13.0
        ],
        [
            12.165525060596439,
            20.0,
            6.082762530298219,
            0.0,
            9.219544457292887,
            12.083045973594572,
            11.40175425099138,
            21.02379604162864,
            17.4928556845359,
            18.439088914585774,
            19.0,
            7.0710678118654755,
            9.899494936611665,
            17.0,
            12.206555615733702,
            10.770329614269007,
            5.0990195135927845,
            11.661903789690601,
            19.235384061671343,
            11.704699910719626,
            16.278820596099706,
            17.26267650163207,
            17.46424919657298,
            8.06225774829855,
            15.524174696260024,
            6.082762530298219,
            4.123105625617661,
            13.0,
            0.0
        ]
    ]
}